1 0 0
2 3 2
3 6 5
4 6 8
5 12 13
6 15 17
7 24 24
8 27 29
9 51 38
10 66 48
11 96 59
12 105 68
13 115 78
14 136 92
15 142 104
16 163 121
17 196 138
18 232 156
19 278 175
20 290 192
21 317 213
22 363 236
23 417 259
24 427 280
25 454 305
26 514 332
27 518 356
28 539 381
29 602 410
30 627 438
31 648 466
32 666 495
33 696 525
34 696 556
35 723 588
36 724 619
37 754 654
38 850 692
39 881 728
40 911 766
41 966 804
42 993 844
43 1083 887
44 1198 931
45 1307 977
46 1429 1023
47 1487 1068
48 1550 1113
49 1647 1163
50 1702 1210
51 1805 1262
52 1818 1311
53 1818 1359
54 1920 1413
55 1987 1466
56 2077 1522
57 2150 1577
58 2238 1632
59 2386 1692
60 2405 1749
61 2553 1811
62 2566 1871
63 2644 1931
64 2660 1993
65 2681 2055
66 2819 2122
67 2845 2187
68 2938 2252
69 3056 2322
70 3147 2390
71 3298 2461
72 3494 2534
73 3640 2608
74 3723 2680
75 3898 2755
76 4001 2829
77 4063 2904
78 4084 2980
79 4291 3059
80 4509 3140
81 4620 3219
82 4756 3302
83 4757 3379
84 4883 3460
85 4899 3543
86 5004 3627
87 5255 3715
88 5392 3801
89 5624 3891
90 5831 3981
91 6010 4073
92 6201 4166
93 6437 4260
94 6715 4355
95 6925 4451
96 7200 4548
97 7392 4646
98 7651 4745
99 7744 4842
100 7775 4940
101 7841 5039
102 8142 5142
103 8151 5238
104 8421 5343
105 8523 5446
106 8770 5553
107 8853 5658
108 9049 5767
109 9342 5877
110 9372 5985
111 9537 6094
112 9644 6204
113 9846 6319
114 10028 6434
115 10282 6550
116 10515 6667
117 10827 6785
118 11073 6904
119 11102 7022
120 11352 7143
121 11498 7262
122 11754 7385
123 11868 7506
124 11929 7629
125 12188 7755
126 12202 7873
127 12257 7998
128 12377 8124
129 12732 8255
130 12940 8386
131 13122 8515
132 13184 8646
133 13385 8780
134 13585 8912
135 13587 9039
136 13914 9176
137 14011 9311
138 14123 9448
139 14286 9585
140 14338 9723
141 14498 9863
142 14871 10006
143 15079 10148
144 15495 10293
145 15643 10436
146 15714 10581
147 15991 10729
148 16065 10876
149 16444 11026
150 16766 11178
151 17177 11330
152 17274 11481
153 17461 11632
154 17613 11809
155 18659 12182
156 18927 12341
157 19317 12500
158 19576 12660
159 19875 12820
160 20130 12982
161 20433 13144
162 20682 13308
163 20741 13473
164 20799 13638
165 21180 13805
166 21406 13973
167 21871 14141
168 22250 14311
169 22314 14482
170 22531 14653
171 22548 14825
172 22797 14999
173 22808 15167
174 22923 15343
175 23245 15520
176 23731 15698
177 23919 15876
178 24245 16056
179 24677 16237
180 24690 16412
181 25146 16595
182 25559 16778
183 25929 16963
184 26320 17149
185 26414 17336
186 26748 17524
187 26910 17713
188 26927 17895
189 27026 18085
190 27558 18277
191 27884 18470
192 28358 18664
193 28636 18859
194 29050 19055
195 29612 19252
196 29744 19450
197 29838 19649
198 30376 19849
199 30969 20050
200 31140 20252
201 31352 20455
202 31378 20658
203 31855 20863
204 32094 21069
205 32261 21276
206 32524 21484
207 32737 21693
208 33123 21903
209 33154 22114
210 33250 22326
211 34171 22341
212 35015 22409
213 35564 22623
214 35659 22838
215 35897 23054
216 36400 23272
217 36781 23490
218 37150 23709
219 37283 23930
220 37467 24151
221 38024 24374
222 38090 24575
223 38171 24799
224 38184 25001
225 38385 25228
226 38639 25455
227 39050 25683
228 39579 25913
229 39614 26120
230 40026 26351
231 40240 26583
232 40449 26816
233 40580 27051
234 40803 27286
235 41367 27523
236 41858 27761
237 42025 27999
238 42147 28238
239 42190 28454
240 42745 28696
241 43330 28939
242 43552 29183
243 43935 29427
244 44446 29673
245 44769 29919
246 45393 30168
247 45774 30416
248 45595 30864
249 45584 31101
250 45902 31354
251 46497 31607
252 46817 31862
253 46914 32114
254 47482 32371
255 47886 32628
256 48085 32886
257 48120 33137
258 48460 33398
259 48607 33656
260 49155 33919
261 49772 34183
262 50303 34447
263 50492 34712
264 50898 34979
265 51031 35243
266 51354 35512
267 51507 35779
268 52091 36049
269 52300 36320
270 52312 36574
271 52543 36846
272 53082 37121
273 53537 37397
274 54343 37673
275 54984 37951
276 58034 38220
277 61294 38492
278 61698 38770
279 61963 39050
280 62761 39333
281 62883 39615
282 63043 39898
283 63864 40183
284 64436 40470
285 65033 40758
286 65567 41047
287 65572 41324
288 66040 41615
289 66882 41907
290 67676 42200
291 68434 42494
292 68886 42786
293 69037 43080
294 69414 43375
295 70087 43673
296 70636 43972
297 71320 44272
298 71378 44566
299 68229 44630
300 66853 44833
