1 0 0
2 2 1
3 5 3
4 5 4
5 7 5
6 9 8
7 11 10
8 11 12
9 17 17
10 19 18
11 24 21
12 28 25
13 32 28
14 38 33
15 41 35
16 43 39
17 43 41
18 45 48
19 48 50
20 53 57
21 56 55
22 65 63
23 74 79
24 79 79
25 73 78
26 89 80
27 92 82
28 78 88
29 84 98
30 85 100
31 89 106
32 105 105
33 104 120
34 118 121
35 125 136
36 118 123
37 133 127
38 146 139
39 144 144
40 149 146
41 152 139
42 142 144
43 168 150
44 168 160
45 170 164
46 173 183
47 211 202
48 216 210
49 219 210
50 204 188
51 204 191
52 220 199
53 225 211
54 210 203
55 213 207
56 221 216
57 223 216
58 218 238
59 249 234
60 247 264
61 275 272
62 278 277
63 281 282
64 302 271
65 304 275
66 312 280
67 315 285
68 300 303
69 306 305
70 312 303
71 291 316
72 301 326
73 302 340
74 307 336
75 335 383
76 358 398
77 344 350
78 357 365
79 359 373
80 368 384
81 376 391
82 364 390
83 365 393
84 364 392
85 355 430
86 359 441
87 366 445
88 368 460
89 404 443
90 409 452
91 435 472
92 418 464
93 436 472
94 434 475
95 452 492
96 439 480
97 469 513
98 460 500
99 448 477
100 521 565
101 522 564
102 462 484
103 464 488
104 528 543
105 521 531
106 504 515
107 539 550
108 590 584
109 643 638
110 603 588
111 625 614
112 588 572
113 544 515
114 574 534
115 569 554
116 584 572
117 623 603
118 612 594
119 591 627
120 578 608
121 586 600
122 606 571
123 635 602
124 639 611
125 700 661
126 718 671
127 728 684
128 736 697
129 715 681
130 679 693
131 729 708
132 689 676
133 694 706
134 674 680
135 683 690
136 674 699
137 689 706
138 694 716
139 704 738
140 706 744
141 685 718
142 751 780
143 737 819
144 737 769
145 770 765
146 802 749
147 814 775
148 811 756
149 900 812
150 904 820
151 909 838
152 878 843
153 880 856
154 870 858
155 892 909
156 834 845
157 898 914
158 926 914
159 909 935
160 921 955
161 1017 1002
162 961 951
163 943 949
164 884 944
165 939 983
166 936 995
167 974 997
168 963 924
169 918 1003
170 955 931
171 1006 949
172 1011 1004
173 923 1045
174 951 1081
175 959 1040
176 996 1070
177 1003 1083
178 855 1106
179 896 1016
180 1079 1037
181 1023 1095
182 1009 1135
183 1016 1152
184 1025 1171
185 1022 1152
186 1053 1178
187 1006 1241
188 1061 1271
189 993 1128
190 1085 1233
191 1084 1140
192 1071 1144
193 1120 1202
194 1079 1196
195 1070 1201
196 1050 1181
197 1126 1324
198 1187 1365
199 1039 1268
200 1119 1349
201 1182 1413
202 1154 1384
203 1108 1403
204 1114 1419
205 1043 1188
206 1047 1192
207 1064 1190
208 1218 1295
209 1191 1310
210 1193 1318
211 1277 1360
212 1197 1321
213 1248 1225
214 1310 1457
215 1307 1304
216 1202 1344
217 1349 1327
218 1361 1329
219 1232 1274
220 1302 1343
221 1262 1423
222 1278 1432
223 1208 1347
224 1250 1360
225 1255 1350
226 1263 1348
227 1345 1466
228 1411 1478
229 1349 1517
230 1417 1422
231 1613 1627
232 1337 1380
233 1501 1542
234 1341 1401
235 1385 1444
236 1393 1455
237 1365 1636
238 1322 1503
239 1403 1485
240 1394 1498
241 1337 1597
242 1333 1596
243 1307 1578
244 1338 1592
245 1425 1606
246 1375 1622
247 1388 1630
248 1399 1671
249 1518 1669
250 1398 1565
251 1567 1590
252 1573 1632
253 1564 1606
254 1522 1679
255 1576 1701
256 1536 1796
257 1524 1767
258 1522 1777
259 1494 1757
260 1574 1764
261 1576 1738
262 1652 1807
263 1689 1818
264 1660 1904
265 1436 1608
266 1509 1727
267 1536 1746
268 1647 1854
269 1547 1673
270 1486 1809
271 1592 1814
272 1529 1846
273 1530 1852
274 1556 1846
275 1619 1792
276 1712 1632
277 1706 1617
278 1712 1648
279 1614 1754
280 1576 1819
281 1469 2005
282 1450 1964
283 1870 1995
284 1753 2105
285 1733 1902
286 1816 1860
287 1816 1881
288 1889 2175
289 1908 2264
290 1913 2257
291 1684 1815
292 1598 2029
293 1710 2117
294 1845 2127
295 1717 1950
296 1751 1864
297 1677 1920
298 1789 2022
299 1819 2057
300 1925 2136
