1 0 0
2 3 1
3 3 2
4 12 7
5 12 9
6 15 10
7 30 16
8 30 23
9 24 23
10 36 29
11 54 38
12 45 35
13 63 44
14 63 45
15 78 52
16 69 64
17 66 67
18 99 80
19 102 85
20 85 81
21 99 90
22 126 98
23 145 108
24 109 101
25 124 110
26 142 118
27 166 131
28 217 147
29 224 153
30 221 151
31 242 161
32 242 195
33 257 205
34 218 197
35 242 208
36 224 204
37 266 222
38 299 230
39 308 238
40 315 245
41 321 252
42 321 252
43 330 260
44 339 270
45 339 275
46 357 279
47 360 285
48 396 305
49 414 317
50 445 329
51 460 338
52 421 330
53 463 349
54 436 342
55 439 347
56 592 393
57 617 405
58 477 367
59 484 373
60 505 380
61 536 395
62 572 417
63 572 423
64 731 536
65 751 549
66 685 525
67 702 537
68 568 499
69 569 505
70 596 521
71 647 544
72 690 555
73 699 564
74 714 568
75 766 591
76 760 600
77 766 609
78 739 602
79 760 615
80 868 650
81 920 673
82 846 655
83 839 659
84 893 678
85 908 689
86 954 709
87 951 715
88 1014 747
89 1003 749
90 916 728
91 912 733
92 873 716
93 932 742
94 963 753
95 972 762
96 1236 854
97 1287 876
98 1434 926
99 1484 948
100 1127 826
101 1154 841
102 1361 920
103 1384 934
104 1165 872
105 1157 875
106 1241 899
107 1257 909
108 1182 895
109 1163 897
110 1157 893
111 1157 899
112 1703 1082
113 1715 1092
114 1388 989
115 1432 1010
116 1439 1012
117 1457 1024
118 1445 1023
119 1454 1032
120 1265 976
121 1296 992
122 1296 991
123 1362 1019
124 1318 1013
125 1357 1031
126 1546 1089
127 1539 1092
128 2055 1397
129 2072 1411
130 1952 1372
131 1957 1380
132 1903 1370
133 1921 1383
134 1903 1385
135 1879 1384
136 1725 1340
137 1727 1348
138 1574 1295
139 1578 1303
140 1758 1358
141 1745 1360
142 1697 1355
143 1729 1373
144 1769 1397
145 1793 1412
146 1883 1437
147 1896 1447
148 1830 1425
149 1836 1434
150 1821 1434
151 1818 1440
152 1899 1484
153 1938 1504
154 1921 1499
155 1873 1491
156 1935 1518
157 1996 1546
158 1885 1505
159 1935 1528
160 2422 1709
161 2448 1725
162 2370 1696
163 2516 1750
164 2242 1666
165 2209 1662
166 1942 1576
167 1954 1587
168 2410 1740
169 2460 1764
170 2478 1772
171 2493 1784
172 2370 1754
173 2372 1762
174 2354 1752
175 2210 1713
176 2860 1950
177 2818 1943
178 2416 1798
179 2358 1785
180 2306 1782
181 2351 1804
182 2045 1704
183 2069 1719
184 2348 1819
185 2327 1819
186 2300 1809
187 2348 1831
188 2405 1849
189 2421 1863
190 2331 1844
191 2342 1855
192 3971 2395
193 4029 2421
194 3208 2150
195 3577 2277
196 2807 2035
197 2833 2051
198 3103 2126
199 3142 2146
200 2941 2107
201 2897 2100
202 2758 2039
203 2781 2053
204 2763 2054
205 2736 2052
206 2751 2051
207 2757 2060
208 3201 2219
209 3227 2235
210 3194 2233
211 3259 2261
212 3359 2299
213 3339 2299
214 3192 2246
215 3148 2239
216 3502 2383
217 3527 2398
218 3698 2441
219 3663 2437
220 3750 2476
221 3748 2482
222 3673 2455
223 3666 2459
224 3849 2530
225 3629 2465
226 3699 2489
227 3714 2503
228 3181 2331
229 3166 2333
230 3361 2394
231 3411 2417
232 4003 2627
233 4090 2662
234 3514 2470
235 3578 2498
236 3620 2519
237 3642 2534
238 3633 2527
239 3525 2497
240 3812 2609
241 3800 2613
242 3440 2488
243 3394 2478
244 3498 2524
245 3538 2544
246 3962 2669
247 3873 2645
248 3737 2625
249 3793 2651
250 3409 2524
251 3460 2547
252 3613 2607
253 3537 2589
254 3542 2590
255 3578 2609
256 4667 3245
257 4693 3264
258 4993 3347
259 5029 3367
260 5378 3487
261 5228 3445
262 4336 3143
263 4381 3164
264 4309 3167
265 4339 3185
266 4696 3289
267 4816 3336
268 4314 3186
269 4354 3207
270 3784 3018
271 3838 3044
272 4355 3239
273 4426 3271
274 4760 3368
275 4925 3431
276 4654 3355
277 4708 3380
278 3908 3127
279 3945 3147
280 4494 3332
281 4457 3328
282 4313 3283
283 4378 3311
284 4399 3324
285 4510 3369
286 4860 3485
287 4875 3498
288 4683 3456
289 4693 3468
290 4858 3524
291 4893 3544
292 4947 3576
293 4894 3565
294 4434 3410
295 4451 3424
296 4478 3429
297 4514 3451
298 4263 3369
299 4362 3410
300 4459 3459
