2 8 8
3 14 13
4 18 19
5 30 26
6 34 34
7 38 43
8 44 53
9 48 64
10 54 76
11 58 89
12 62 103
13 70 119
14 74 135
15 96 152
16 100 170
17 107 189
18 145 209
19 149 231
20 153 253
21 157 276
22 167 300
23 171 326
24 221 352
25 226 379
26 230 407
27 286 437
28 290 467
29 296 498
30 300 530
31 365 564
32 369 598
33 375 633
34 379 670
35 383 707
36 391 746
37 395 785
38 411 825
39 416 867
40 422 909
41 426 953
42 436 997
43 440 1042
44 454 1089
45 458 1136
46 464 1185
47 468 1234
48 478 1285
49 482 1336
50 486 1389
51 502 1442
52 507 1497
53 539 1552
54 543 1609
55 547 1667
56 553 1725
57 557 1785
58 563 1845
59 607 1907
60 612 1970
61 618 2033
62 626 2098
63 636 2163
64 640 2230
65 644 2298
66 648 2366
67 654 2436
68 666 2507
69 670 2579
70 676 2651
71 680 2725
72 686 2800
73 690 2876
74 778 2952
75 783 3030
76 788 3109
77 793 3189
78 802 3269
79 808 3351
80 820 3434
81 838 3518
82 842 3603
83 846 3689
84 852 3775
85 856 3863
86 860 3952
87 866 4042
88 876 4133
89 880 4225
90 884 4318
91 888 4412
92 892 4507
93 1080 4603
94 1086 4700
95 1090 4798
96 1094 4896
97 1098 4996
98 1108 5097
99 1309 5199
100 1315 5302
101 1321 5407
102 1325 5512
103 1335 5618
104 1339 5725
105 1343 5833
106 1349 5942
107 1357 6052
108 1367 6163
109 1379 6275
110 1383 6388
111 1389 6502
112 1397 6618
113 1427 6734
114 1432 6851
115 1436 6969
116 1442 7088
117 1454 7208
118 1458 7330
119 1472 7452
120 1488 7575
121 1492 7699
122 1540 7824
123 1545 7951
124 1549 8078
125 1557 8206
126 1561 8336
127 1567 8466
128 1571 8597
129 1577 8729
130 1585 8863
131 1589 8997
132 1595 9132
133 1599 9269
134 1605 9406
135 1614 9545
136 1618 9684
137 1624 9824
138 1638 9966
139 1658 10108
140 1686 10252
141 1690 10396
142 1696 10541
143 1700 10688
144 1707 10835
145 1999 10984
146 2005 11133
147 2012 11284
148 2016 11435
149 2026 11588
150 2030 11741
151 2034 11896
152 2040 12051
153 2048 12208
154 2052 12366
155 2056 12524
156 2064 12684
157 2082 12844
158 2110 13006
159 2115 13169
160 2121 13332
161 2125 13497
162 2135 13662
163 2139 13829
164 2145 13997
165 2161 14165
166 2165 14335
167 2185 14506
168 2523 14678
169 2531 14850
170 2535 15024
171 2541 15199
172 2545 15374
173 2549 15551
174 2553 15729
175 2567 15908
176 2571 16088
177 2577 16268
178 2585 16450
179 2589 16633
180 2593 16817
181 2597 17002
182 2613 17188
183 2632 17374
184 2636 17562
185 2640 17751
186 2664 17941
187 2668 18132
188 2674 18324
189 2682 18517
190 2686 18711
191 2690 18906
192 2696 19102
193 2700 19299
194 2713 19496
195 2717 19695
196 2721 19895
197 2727 20096
198 2731 20298
199 2733 20501
200 2741 20706
201 2757 20911
202 2761 21117
203 2791 21324
204 2795 21532
205 2799 21741
206 2807 21951
207 2846 22162
208 2886 22374
209 2890 22587
210 2894 22801
211 2898 23017
212 2908 23233
213 2913 23450
214 2917 23668
215 2925 23887
216 2929 24107
217 2933 24329
218 2947 24551
219 3015 24774
220 3086 24998
221 3090 25223
222 3096 25450
223 2668 25677
224 2370 25905
225 2373 26135
226 2377 26365
227 2383 26596
228 2397 26828
229 2417 27062
230 2440 27296
231 2444 27531
232 2470 27768
233 2506 28005
234 2511 28244
235 2726 28483
236 2737 28723
237 2743 28965
238 2747 29207
239 2757 29451
240 2761 29695
241 2767 29940
242 2783 30187
243 2787 30434
244 2791 30683
245 2797 30932
246 2805 31183
247 3120 31434
248 3127 31687
249 3133 31940
250 3141 32195
251 3140 32450
252 3149 32707
253 3157 32965
254 3167 33223
255 3171 33483
256 3191 33743
257 3195 34005
258 3199 34268
259 3200 34531
260 3214 34796
261 3218 35061
262 3222 35328
263 3230 35596
264 3234 35864
265 3272 36134
266 3276 36405
267 3280 36677
268 3288 36949
269 3292 37223
270 3298 37498
271 3302 37773
272 3313 38050
273 3317 38328
274 3331 38607
275 3335 38887
276 3339 39167
277 3365 39449
278 3369 39732
279 3375 40016
280 3379 40301
281 3383 40587
282 3387 40873
283 3401 41161
284 3406 41450
285 3424 41740
286 3468 42031
287 3472 42323
288 3478 42616
289 3482 42910
290 3487 43205
291 3496 43501
292 3510 43798
293 3856 44095
294 4116 44394
295 4123 44694
296 4151 44995
297 4155 45297
298 4159 45600
299 4161 45905
300 4171 460
