2 8 8
3 16 13
4 20 19
5 24 26
6 28 34
7 38 43
8 50 53
9 54 64
10 70 76
11 74 89
12 94 103
13 98 119
14 104 135
15 131 152
16 135 170
17 139 189
18 147 209
19 151 231
20 163 253
21 167 276
22 173 300
23 215 326
24 220 352
25 224 379
26 278 407
27 334 437
28 339 467
29 345 498
30 349 530
31 353 564
32 357 598
33 371 633
34 375 670
35 381 707
36 385 746
37 391 785
38 395 825
39 409 867
40 414 909
41 432 953
42 436 997
43 442 1042
44 466 1089
45 504 1136
46 509 1185
47 515 1234
48 519 1285
49 529 1336
50 533 1389
51 537 1442
52 543 1497
53 551 1552
54 563 1609
55 567 1667
56 571 1725
57 579 1785
58 583 1845
59 587 1907
60 591 1970
61 595 2033
62 667 2098
63 672 2163
64 676 2230
65 680 2298
66 814 2366
67 820 2436
68 826 2507
69 966 2579
70 971 2651
71 975 2725
72 983 2800
73 987 2876
74 993 2952
75 1001 3030
76 1004 3109
77 1018 3189
78 1020 3269
79 1028 3351
80 1030 3434
81 1058 3518
82 1062 3603
83 1092 3689
84 1096 3775
85 1102 3863
86 1111 3952
87 1121 4042
88 1125 4133
89 1131 4225
90 1133 4318
91 1153 4412
92 1173 4507
93 1177 4603
94 1181 4700
95 1185 4798
96 1195 4896
97 1199 4996
98 1213 5097
99 1218 5199
100 1224 5302
101 1244 5407
102 1248 5512
103 1254 5618
104 1262 5725
105 1272 5833
106 1284 5942
107 1288 6052
108 1292 6163
109 1310 6275
110 1315 6388
111 1319 6502
112 1327 6618
113 1331 6734
114 1335 6851
115 1429 6969
116 1431 7088
117 1440 7208
118 1444 7330
119 1448 7452
120 1454 7575
121 1458 7699
122 1566 7824
123 1571 7951
124 1577 8078
125 1581 8206
126 1587 8336
127 1591 8466
128 1605 8597
129 1610 8729
130 1616 8863
131 1620 8997
132 1642 9132
133 1646 9269
134 1650 9406
135 1654 9545
136 1684 9684
137 1688 9824
138 1694 9966
139 1698 10108
140 1708 10252
141 1713 10396
142 1719 10541
143 1727 10688
144 1731 10835
145 1737 10984
146 1745 11133
147 1769 11284
148 1773 11435
149 1777 11588
150 1835 11741
151 1840 11896
152 1844 12051
153 1852 12208
154 1856 12366
155 1860 12524
156 1866 12684
157 1870 12844
158 1876 13006
159 1880 13169
160 1890 13332
161 1906 13497
162 1911 13662
163 1917 13829
164 1939 13997
165 1943 14165
166 1947 14335
167 1955 14506
168 1959 14678
169 1963 14850
170 2005 15024
171 2010 15199
172 2016 15374
173 2024 15551
174 2034 15729
175 2038 15908
176 2052 16088
177 2056 16268
178 2060 16450
179 2064 16633
180 2074 16817
181 2078 17002
182 2092 17188
183 2096 17374
184 2102 17562
185 2111 17751
186 2115 17941
187 2137 18132
188 2143 18324
189 2147 18517
190 2153 18711
191 2167 18906
192 2237 19102
193 2242 19299
194 2246 19496
195 2250 19695
196 2254 19895
197 2260 20096
198 2264 20298
199 2264 20501
200 2410 20706
201 2416 20911
202 2422 21117
203 2426 21324
204 2430 21532
205 2436 21741
206 2444 21951
207 2454 22162
208 2458 22374
209 2464 22587
210 2480 22801
211 2484 23017
212 2490 23233
213 2494 23450
214 2518 23668
215 2523 23887
216 2557 24107
217 2561 24329
218 2567 24551
219 2571 24774
220 2577 24998
221 2581 25223
222 2587 25450
223 2591 25677
224 2613 25905
225 2618 26135
226 2622 26365
227 2626 26596
228 2630 26828
229 2642 27062
230 2646 27296
231 2650 27531
232 2656 27768
233 2664 28005
234 2686 28244
235 2686 28483
236 2696 28723
237 2700 28965
238 2711 29207
239 2715 29451
240 2719 29695
241 2969 29940
242 2975 30187
243 2981 30434
244 2985 30683
245 2989 30932
246 2993 31183
247 2999 31434
248 3003 31687
249 3010 31940
250 3026 32195
251 3043 32450
252 3052 32707
253 3058 32965
254 3066 33223
255 3070 33483
256 3082 33743
257 3116 34005
258 3121 34268
259 3122 34531
260 3131 34796
261 3141 35061
262 3145 35328
263 3149 35596
264 3153 35864
265 3159 36134
266 3169 36405
267 3173 36677
268 3179 36949
269 3183 37223
270 3203 37498
271 3208 37773
272 3330 38050
273 3575 38328
274 3595 38607
275 3599 38887
276 3605 39167
277 3614 39449
278 3618 39732
279 3630 40016
280 3634 40301
281 3674 40587
282 3678 40873
283 3722 41161
284 3727 41450
285 3731 41740
286 3739 42031
287 3743 42323
288 3749 42616
289 3753 42910
290 3751 43205
291 3769 43501
292 3773 43798
293 3777 44095
294 3783 44394
295 3791 44694
296 3795 44995
297 3799 45297
298 3919 45600
299 3919 45905
300 3929 460
